-0.0768 -510.508478261 -160.4844412
-0.06755 -431.199806452 -136.1340231
-0.0582 -356.798191489 -112.6658714
-0.04875 -287.752273684 -90.3369535
-0.0392 -222.573041667 -70.2642912
-0.02955 -160.619618557 -51.4662212
-0.0198 -102.657204082 -34.130607
-0.00995 -49.6430505051 -16.2739269
0.0 -0.09443 -0.09443
0.01005 44.5672871287 15.3444755
0.0202 84.9779803922 30.8284188
0.03045 122.51507767 45.9224573
0.0408 156.199423077 60.189792
0.05125 186.492171429 74.158791
0.0618 214.841622642 87.761375
0.07245 239.811317757 101.2513822
0.0832 260.835185185 114.494418
0.09405 279.261449541 127.5903315
0.105 296.005545455 140.670552
0.11605 310.334648649 153.5472546
0.1272 322.133348214 166.6904736
0.13845 332.820451327 180.0549345
0.1498 341.435614035 193.1888802
0.16125 347.593869565 206.206063
0.1728 351.591086207 220.048172