-0.0768 -265.55875 -127.0647328
-0.06755 -218.363397849 -108.5994108
-0.0582 -174.436723404 -93.575308
-0.04875 -136.562778947 -77.7911395
-0.0392 -109.24090625 -59.54208
-0.02955 -80.2266907216 -42.3075588
-0.0198 -51.7041326531 -27.803874
-0.00995 -26.2031010101 -14.691798
0.0 0.03078 0.03078
0.01005 22.9024554455 12.8219803
0.0202 46.6415686275 25.155597
0.03045 66.6881747573 37.7576576
0.0408 86.9387211538 49.7882736
0.05125 103.65772381 60.1407135
0.0618 117.860707547 70.6657904
0.07245 132.211401869 82.3140514
0.0832 146.738731481 92.494494
0.09405 158.847376147 102.763565
0.105 169.756027273 112.552869
0.11605 181.980873874 122.6687085
0.1272 189.392633929 131.1668736
0.13845 196.455982301 139.5586838
0.1498 204.618429825 148.6155984
0.16125 211.306443478 157.9612975
0.1728 217.478603448 166.8016432