-0.0768 -362.795428256
-0.06755 -301.056545601
-0.0582 -245.772624284
-0.04875 -195.92543975
-0.0392 -150.247590912
-0.02955 -109.805297569
-0.0198 -71.104472124
-0.00995 -33.445050012
0.0 -0.09443
0.01005 30.146882687
0.0202 59.541093216
0.03045 86.732914081
0.0408 113.669865088
0.05125 138.79626075
0.0618 163.265462048
0.07245 185.070428832
0.0832 205.578711504
0.09405 226.534373545
0.105 248.0233195
0.11605 268.515409473
0.1272 288.327013632
0.13845 310.254841345
0.1498 332.317259064
0.16125 354.16954685
0.1728 378.711503904