-0.0768 -244.505425088
-0.06755 -209.956818879
-0.0582 -176.75892258
-0.04875 -144.21959025
-0.0392 -112.649730048
-0.02955 -83.095837543
-0.0198 -56.14964194
-0.00995 -30.335545548
0.0 0.03078
0.01005 25.220789184
0.0202 51.318135756
0.03045 76.964984992
0.0408 100.67381376
0.05125 123.9126651
0.0618 149.02346126
0.07245 176.711559728
0.0832 199.624332816
0.09405 219.146732102
0.105 238.4511426
0.11605 256.026043008
0.1272 271.316734976
0.13845 286.566303305
0.1498 304.204766724
0.16125 319.14149445
0.1728 335.294280112