-0.079743589084 -192.907707644
-0.0698282893962 -163.202182087
-0.0598919026246 -136.31370152
-0.0499374608886 -110.126495895
-0.0399679871897 -86.4281782666
-0.0299864969611 -63.8716712946
-0.0199959995999 -42.4216231527
-0.0099994999875 -21.6300098812
-0 -0
0.0099994999875 21.6310772953
0.0199959995999 42.4227796788
0.0299864969611 63.8725072198
0.0399679871897 86.4292825356
0.0499374608886 110.127321107
0.0598919026246 136.315347747
0.0698282893962 163.201798047
0.079743589084 192.90648422
0.0896347588829 223.818324357
0.0994987437107 256.756904063
0.10933247459 293.280668013
0.119132867002 334.428980629
0.1288968192 380.424414913
0.138621210498 429.8373659
0.1483028995 480.395002607
0.157938722294 535.922750575