-0.079743589084 -67.1140933482
-0.0698282893962 -49.4982619914
-0.0598919026246 -37.0715213848
-0.0499374608886 -26.0995985733
-0.0399679871897 -14.0844223448
-0.0299864969611 -7.18388474494
-0.0199959995999 -7.01081333161
-0.0099994999875 -3.92204012367
-0 -0
0.0099994999875 3.92152181992
0.0199959995999 7.01137858285
0.0299864969611 7.18399316791
0.0399679871897 14.0855591319
0.0499374608886 26.100111111
0.0598919026246 37.0721544902
0.0698282893962 49.4991356919
0.079743589084 67.1145382636
0.0896347588829 85.0999278819
0.0994987437107 107.38430778
0.10933247459 131.748118096
0.119132867002 159.261008518
0.1288968192 191.701473709
0.138621210498 226.949193447
0.1483028995 265.881557176
0.157938722294 309.597262193