-0.079743589084 -281.107216407
-0.0698282893962 -225.216629627
-0.0598919026246 -179.773947347
-0.0499374608886 -139.321559693
-0.0399679871897 -105.376507095
-0.0299864969611 -73.4887725461
-0.0199959995999 -47.4627005976
-0.0099994999875 -22.6564535692
0.0 -0
0.0099994999875 20.1833311085
0.0199959995999 38.2488233964
0.0299864969611 53.129521058
0.0399679871897 66.38346052
0.0499374608886 79.4842674106
0.0598919026246 90.6077414726
0.0698282893962 101.891838943
0.079743589084 110.031332712
0.0896347588829 116.407881489
0.0994987437107 119.409404375
0.10933247459 120.901808387
0.119132867002 120.252136436
0.1288968192 119.293772936
0.138621210498 120.35101244
0.1483028995 119.576925366
0.157938722294 119.060069014