-0.079743589084 -119.096622755
-0.0698282893962 -87.531165555
-0.0598919026246 -62.3561309995
-0.0499374608886 -39.8370362676
-0.0399679871897 -23.2747585735
-0.0299864969611 -14.8066966652
-0.0199959995999 -9.72832640054
-0.0099994999875 -4.21575434292
0.0 -0
0.0099994999875 3.1492463791
0.0199959995999 3.08515215223
0.0299864969611 1.93786283514
0.0399679871897 6.24663998327
0.0499374608886 10.7811195533
0.0598919026246 16.7736583396
0.0698282893962 24.3091676653
0.079743589084 30.5732185364
0.0896347588829 37.2747044723
0.0994987437107 44.7869297987
0.10933247459 49.1178913741
0.119132867002 51.3696533104
0.1288968192 55.6910200493
0.138621210498 58.0371948076
0.1483028995 56.575821025
0.157938722294 57.2131540247