-0.076543589084 -280.486376354
-0.0673782893962 -229.901849198
-0.0580919026246 -184.293617967
-0.0486874608886 -142.442089788
-0.0391679871897 -106.590695039
-0.0295364969611 -75.1938384545
-0.0197959995999 -47.7602515644
-0.0099494999875 -23.1603704554
0.0 -0
0.0100494999875 20.2728741903
0.0201959995999 36.693936249
0.0304364969611 50.4779449418
0.0407679871897 64.0519618489
0.0511874608886 75.1544756471
0.0616919026246 83.9135323359
0.0722782893962 91.4574533862
0.082943589084 97.4190767445
0.0936847588829 102.22822383
0.104498743711 108.289104277
0.11538247459 117.89635541
0.126332867002 127.676937502
0.1373468192 137.979200318
0.148421210498 150.282600133
0.1595528995 163.679463374
0.170738722294 178.088586236