-0.076543589084 -120.426481782
-0.0673782893962 -91.1292031155
-0.0580919026246 -67.2825008728
-0.0486874608886 -42.9407429802
-0.0391679871897 -26.1857299782
-0.0295364969611 -12.9161363044
-0.0197959995999 -5.79497722718
-0.0099494999875 -3.83259919313
0.0 -0
0.0100494999875 3.31010000224
0.0201959995999 5.45577149997
0.0304364969611 4.16076049729
0.0407679871897 6.74632071091
0.0511874608886 10.1683442065
0.0616919026246 14.4493461171
0.0722782893962 19.1256740167
0.082943589084 24.6531194519
0.0936847588829 32.0689542785
0.104498743711 38.7132576847
0.11538247459 46.0564529171
0.126332867002 54.4259747026
0.1373468192 64.5880662484
0.148421210498 74.7386425759
0.1595528995 85.6912399319
0.170738722294 96.2281287087