-0.0762863510296 -445.665624601
-0.0672061555069 -344.811673175
-0.057983609794 -257.708445755
-0.0486248433581 -185.909039767
-0.0391359487179 -128.912835375
-0.0295229878391 -85.5325056866
-0.0197919983994 -50.8884720622
-0.00994899994999 -23.1872252903
-0 -0
0.01004899995 19.4388253503
0.0201919983994 36.2353641944
0.0304229878391 53.5522081211
0.0407359487179 69.9192227838
0.0511248433581 85.3249802409
0.061583609794 102.429917497
0.0721061555069 122.228337934
0.0826863510296 143.462006806
0.0933180233902 164.530864942
0.103994949366 177.183479351
0.114710848515 196.327887496
0.12545937595 226.084149719
0.136234114819 262.23109461
0.147028568454 298.835569948
0.157836152143 335.523466742
0.168650184472 377.152274869