-0.0762863510296 -226.776961239
-0.0672061555069 -156.803434852
-0.057983609794 -102.840677805
-0.0486248433581 -61.7718298697
-0.0391359487179 -36.0970554788
-0.0295229878391 -18.0246949556
-0.0197919983994 -7.41579617154
-0.00994899994999 -2.45095411704
-0 -0
0.01004899995 4.32235572849
0.0201919983994 6.99825936338
0.0304229878391 11.6100486594
0.0407359487179 20.1385289951
0.0511248433581 32.8237162983
0.061583609794 47.2751126931
0.0721061555069 64.1612780488
0.0826863510296 83.3811131232
0.0933180233902 103.622800154
0.103994949366 126.31432662
0.114710848515 148.860890944
0.12545937595 172.742052428
0.136234114819 194.302434576
0.147028568454 209.32136856
0.157836152143 229.008529612
0.168650184472 252.176890115